       --------------------------------1000000USDT/100BTC
       14012340001
       14012340002
       14012340003
       14012340004
       14012340005
       14012340006
       14012340007
       14012340008
       14012340009
       14012340010
       14012340011
       14012340012
       14012340013
       14012340014
       14012340015
       14012340016
       14012340017
       14012340018
       14012340019
       14012340020
       14012340021
       14012340022
       14012340023
       14012340024
       14012340025
       14012340026
       14012340027
       14012340028
       14012340029
       14012340030
       14012340031
       14012340032
       14012340033
       14012340034
       14012340035
       14012340036
        --------------------------------10000000USDT/3000BTC
       14012340037
       14012340038
       --------------------------------3000ETH/100BTC
       14012340039
       14012340040
       14012340041
       14012340042
       14012340043
       14012340044
       14012340045
       14012340046
       14012340047
       14012340048
       14012340049
       14012340050
       14012340051
       14012340052
       14012340053
       14012340054
       14012340055
       14012340056
       14012340057
       14012340058
       14012340059
       14012340060
       14012340061
       14012340062
       14012340063
       14012340064
       14012340065
       14012340066
       14012340067
       14012340068
       14012340069
       14012340070
       14012340071
       14012340072
       14012340073
       14012340074
       --------------------------------30000ETH/1000BTC
       14012340075
       14012340076
       --------------------------------3000ETH/100BTC
       14012340077
       14012340078
       14012340079
       14012340080
       14012340081
       14012340082
       14012340083
       14012340084
       14012340085
       14012340086
       14012340087
       14012340088
       14012340089
       14012340090
       14012340091
       14012340092
       14012340093
       14012340094
       14012340095
       14012340096
       14012340097
       14012340098
       14012340099
       14012340100
       14012340101
       14012340102
       14012340103
       14012340104
       14012340105
       14012340106
       14012340107
       14012340108
       14012340109
       14012340110
       14012340111
       14012340114
       ----------------------------30000ETH/1000BTC
       14012340112
       14012340113
      