phone
15936566713
13460945406
13894248363
15947984120
15948617126
15033694859
18733742763
13261394623
13261896943
13269035844
13269075841
17056564105
13438066800
13438075949
13438126301
13438840750
18482369461
13483686081
13451481407
15708945580
18481889290
13403215774
17186658890
17189709707
17125786520
17138749251
13943293034
15988424054
15024416774
15181172745
15982514871
18224295684
15983077497
17123414231
13175660347
13208453269
15604867797
17121170328
17176363750
15700416605
13269074020
13409219315
18843202604
13261831014
13269785472
15044555034
13438077967
15183817642
18281008084
18281007348
13402484317
13402488227
13403211508
15706579812
17046053628
13483693039
17091565276
15196447540
17188164418
13596354974
15828956694
18208227344
17103230018
17123415462
17049185584
13206503525
17139041041
18780671246
18780694522
18282915274
13451483080
13451483563
13451486461
13451492855
13451499502
13483141637
13483428355
13483430356
13483690486
18245964801
15143265537
17134676423
15994135127
15025175349
17137571157
13698180453
15282854463
18308420214
13831375684
18787037748
18771614776
15700412471
15700413830
13269789884
13261814287
13269729346
13400419762
13451499335
13463867447
13483156995
13483673161
15707139925
13400212831
13402483644
13483147036
13483428740
13463810547
13463995812
17186974507
17197063894
13451479118
13463872852
13463896174
13483154051
13483432397
13483663110
13419028947
15883417146
18439016447
13408464840
15926730771
13581231042
13995900204
15926715382
17045242159
17198152484
13568104137
15228689624
15283569487
13547049247
15025181392
18788520029
15884276244
13064199161
13170826356
15570323804
15579204219
15679245203
18383852488
15183805423
17123410442
17123414007
17123415249
18317708994
13408087249
13458512104
18483678972
18483698545
18782076441
18782018734
13843539924
15143505145
18374688734
15282857846
15282859410
13409982405
13476730774
15087069196
18733742909
18733786471
13944277143
15947987946
18744239373
13269069455
18481906203
13451497624
13400215294
15707866083
15708972245
17173712249
13943231874
17167096794
13614352482
15944586534
15183699487
13400113094
13451492978
13483172787
13402485463
13451490505
13451476728
18780010379
15282859942
18728484307
15282847049
13971729243
15971402028
13438927826
15183893804
18728499520
18780020440
18780031493
15087053431
15287113296
15731358457
15282878674
15883640744
15984928443
18308410247
13520461216
13521308674
18384780919
15971405179
15243888913
18773899174
15706589619
15708909619
15798948179
13261387435
18248473742
18458347431
13486109543
15988437484
15988462347
13057810949
15181146454
17136611527
15911643129
15183680824
18383841047
18383849442
18728040348
18728043453
13402489294
18374134518
18374258718
18711853214
15924114143
15924124056
18458180290
18216470760
18702886996
17093322340
18728451381
18774439927
18390534438
13408609004
18780009247
13488997132
13409728236
13593670023
13971748370
18384892690
13408534053
15183894416
15183870749
18780031419
15087139833
15183882594
13419098344
15183889540
15282873145
15881472847
18383804905
13436308462
13436330680
13520414218
13521554397
13458967418
17005274697
15708975101
15798948295
13995944324
18371374532
18473842470
17727511290
13269774587
13456756405
18458206173
18224008972
18402838940
15080814097
15243883378
15973098154
13658174874
18478214408
18308418748
18728041834
18728048481
18781041194
18216451270
17858415445
15679296545
15679294124
13402494569
18283829465
15700429152
13438236765
13408689094
13689659394
13689664385
13206508537
13520138400
13520442391
13438295016
18280581524
18482288235
18482351554
18482363445
15887084071
13419032447
15982942474
15984917346
18308414614
18308414384
17126598453
15884282943
18383850194
17078278217
15196342634
15282862493
18383839402
15297375401
15297382646
18730783454
18211689853
18237211458
18772435056
13409736927
17008880524
15883434353
15883667412
18308410074
15181174709
13017840456
13844591418
13844541462
13943580405
13904450482
15700417005
17329845013
17074145715
17085367295
15363982435
18380644265
15183684147
15883680384
18308416146
18380644955
17005147251
18473856250
17138743349
13944266794
17092634536
13438019061
18482392332
18482360684
17103236915
18782054824
15143239659
17127617145
13269050941
13269071480
13269074498
15700411623
17077419760
15731359342
13436339049
17152044829
13419035534
13550657749
15982942548
17071723517
18337346947
15903036101
15837361257
13059052429
18545728051
18437299611
13707252735
15926712278
18780694487
18783123402
15183881945
15282865941
15282870495
15984919045
15984920264
17089153346
17086303194
17087266618
18381802934
18481894273
18784655248
13486398754
17329845310
17121088417
18437339754
15700426740
18443805440
13937237903
13057905054
13486395491
18458418605
18458428219
18334308195
18843583114
15911730426
15183892574
15883657845
13619087413
15997377504
15570347314
13483671831
18381875962
13451477103
18331340615
18331360855
18728044045
13658175453
15883674014
18244411241
13550613446
15282894740
15707166195
15707866821
15708978710
18331340086
17156910314
15700408680
13568561846
18331386638
17083508137
18849339186
17087364570
15825526748
18814863341
18937339923
18334309294
17077416794
